directory: "C:/Users/your_file_path/"
TMT_ETD_mz_values: [114.127725, 115.124760, 116.134433, 117.131468, 118.141141, 119.138176]
TMT_HCD_mz_values: [126.127726, 127.124761, 128.134436, 129.131471, 130.141145, 131.138180]
TMT126: [0, 0, 1, 0.076, 0]
TMT127: [0, 0, 1, 0.075, 0]
TMT128: [0, 0.015, 1, 0.056, 0]
TMT129: [0, 0.017, 1, 0.054, 0]
TMT130: [0, 0.034, 1, 0.035, 0]
TMT131: [0.007, 0.032, 1, 0.036, 0]
max_mods: 7
PEP: 0.05
min_delta_mod: 10
ppm_tolerance: 15
aa_tag: "H"
